190 157 261 389 275 149 277 417 187 375 390 148 322
126 120 305 212 62 174 111 35
267 224 211 98 279 43 219 5 406 313 76 204 196 330
127 7 184 24 16 175 295 155 260
304 180 106 382 33 235 71 256 271
172 31 68 201 51 134 250 122 81 45
280 203 347 332 409 326 125 156 323 193 220 139 232
355 370 328 94 227 66 13 413 92 36 257
101 205 64 115 254 385 151 397 67 293 395 117
301 281 236 173 379 248 278 252 53 398 39 392 95
245 189 181 255 27 360 319
399 394 329 340 72 350 412 357 46 153 348 371 346 218
338 339 123 243 110 104 354 171 38 159 54
195 183 146 365 240 70
309 311 366 34 154 258 217 25
130 231 83 393 387 59 221 116 166 169 324 112 86 41 103
308 11 20 6 79 100 410 264 198
93 408 363 241 420 400 102 144 344 239
128 378 388 263 206 367 215 335 90 19 44
8 315 192 47 325 352 121 4 32
2 1 368 52 229 418 75 403 202
373 380 131 333 197 265 119 21 282 289 238 230 213 233
10 186 124 396 87 168 194 150 404 108 48
182 65 185 407 310 287
17 273 270 372 135 376 284 143 361 226 3 141
167 58 342 317 161 246 23 314 165 199 341 37 384
303 63 61 391 306 386
78 30 214 145 60 105 401 266 269 18 49 253 164
349 99 351 414 158 9 114 179 299 22 82 191 133
91 244 274 50 419 216 152 88 251 353 85
316 207 286 268 222 29 320 57 283 337 80 297 411 359 383 356 160 136
321 89 290 77 188 163 334 285 225 364 331
358 302 312 374 118 15 142 362 415 14
247 291 140 381 210 377 223 138 162 318 209 74 200 208
178 69 307 405 132 300 298 343 96
113 107 55 84 259 40 262 56 129 73 170 237 292 296
242 345 249 276 176 12 402 177 97 272 28 288 147
369 42 234 109 294 336 327 416 228 137 26



