3078.5000 0
0 27 89 8 175 159 70 30 20 66 71 121 165 179 56 2 0
0 118 60 114 84 113 119 91 59 94 117 110 24 51 122 69 146 0
0 147 17 47 106 108 128 103 184 187 139 186 197 0
0 101 181 143 36 191 97 144 41 55 80 68 76 12 109 26 0
0 53 198 115 172 43 46 49 62 32 161 33 169 0
0 111 132 167 131 126 182 82 61 16 141 100 96 0
0 40 133 72 29 3 81 1 31 190 168 153 0
0 173 83 124 123 90 65 34 50 150 163 4 39 22 15 137 0
0 196 116 149 155 73 87 92 98 166 52 19 63 162 0
0 180 67 170 177 78 136 188 88 7 125 44 142 57 0
0 156 127 199 193 192 13 21 130 134 79 77 138 0
0 154 195 25 171 38 140 86 174 112 0
0 157 164 35 9 11 45 99 93 37 14 42 145 75 74 0
0 102 135 28 152 95 151 85 6 183 0
0 105 58 23 178 104 5 18 194 107 176 0
0 148 48 64 189 10 160 120 185 129 158 54 0