4963.7200 0
0 53 60 134 18 144 86 150 208 213 338 396 217 350 114 0
0 245 358 293 132 73 193 387 247 222 162 96 0
0 44 105 174 195 316 371 323 325 272 151 68 0
0 61 66 384 378 258 119 236 221 336 280 270 35 0
0 47 10 176 294 292 233 126 127 26 0
0 260 379 120 357 115 50 110 397 9 276 101 0
0 330 241 16 135 254 352 170 337 168 48 46 64 0
0 2 19 133 380 391 302 220 399 226 230 225 0
0 155 124 184 286 295 315 306 324 173 0
0 310 411 408 219 308 331 261 92 27 78 14 0
0 156 123 279 407 410 251 314 7 0
0 56 284 351 311 202 187 392 367 394 340 0
0 62 32 147 334 209 169 290 365 239 413 17 22 0
0 164 283 103 36 98 100 94 386 83 71 118 172 117 0
0 108 289 346 401 400 362 328 33 141 326 318 240 0
0 43 42 278 343 347 166 177 375 264 138 143 181 0
0 41 277 235 65 15 300 139 265 271 201 153 0
0 194 84 80 25 85 31 88 214 158 329 223 344 70 51 104 0
0 52 72 146 382 366 374 376 196 231 349 406 129 97 0
0 45 234 298 418 359 322 200 152 327 332 368 398 38 30 21 0
0 165 175 297 312 199 262 121 82 23 34 3 0
0 5 191 345 116 4 37 228 288 402 148 0
0 112 224 285 238 179 360 383 320 275 268 122 28 0
0 11 180 317 266 381 395 342 189 49 0
0 145 385 204 79 59 131 305 111 303 159 0
0 99 183 287 106 58 255 203 301 140 0
0 218 128 215 339 274 212 206 24 192 74 299 416 55 0
0 40 81 211 246 136 232 412 405 415 309 107 0
0 76 291 244 369 227 102 149 154 273 333 390 0
0 63 95 248 393 67 91 90 257 377 54 0
0 142 182 160 161 69 163 348 364 229 171 29 0
0 125 186 361 242 188 0
0 417 353 20 1 205 307 363 8 0
0 93 39 269 216 370 185 57 75 252 198 259 0
0 137 373 388 389 243 304 356 414 355 130 0
0 89 167 281 282 403 404 296 354 237 178 113 197 253 267 321 210 13 0
0 109 190 250 409 249 87 6 77 0
0 420 12 256 419 372 319 263 313 207 335 341 157 0
0 0
0 0
0 0